
=== Metrics Summary ===
Simulation time: 60 s
Node    PktsSent    PktsRecv      BytesSent     BytesRecv     AvgDelay(s)   Crypto(ms)    InitE(J)      FinalE(J)     
39      4           2             388           336           1.634903      0.647000      500.000000    499.026054    
38      0           0             0             0             0.000000      0.000000      500.000000    499.029355    
37      0           0             0             0             0.000000      0.000000      500.000000    499.032285    
36      0           0             0             0             0.000000      0.000000      500.000000    499.035388    
35      0           0             0             0             0.000000      0.000000      500.000000    499.036418    
34      0           0             0             0             0.000000      0.000000      500.000000    499.036013    
33      0           0             0             0             0.000000      0.000000      500.000000    499.031958    
32      0           0             0             0             0.000000      0.000000      500.000000    499.031331    
31      0           0             0             0             0.000000      0.000000      500.000000    499.032895    
30      0           0             0             0             0.000000      0.000000      500.000000    499.033735    
29      0           0             0             0             0.000000      0.000000      500.000000    499.029531    
12      0           0             0             0             0.000000      0.000000      500.000000    499.033723    
11      0           0             0             0             0.000000      0.000000      500.000000    499.034366    
10      0           0             0             0             0.000000      0.000000      500.000000    499.033655    
9       0           0             0             0             0.000000      0.000000      500.000000    499.026237    
8       0           0             0             0             0.000000      0.000000      500.000000    499.030688    
7       0           0             0             0             0.000000      0.000000      500.000000    499.033646    
6       0           0             0             0             0.000000      0.000000      500.000000    499.037371    
5       0           0             0             0             0.000000      0.000000      500.000000    499.034962    
4       0           0             0             0             0.000000      0.000000      500.000000    499.036072    
3       0           0             0             0             0.000000      0.000000      500.000000    499.034001    
2       0           0             0             0             0.000000      0.000000      500.000000    499.031405    
1       1           90            168           4937          0.000064      0.646000      500.000000    499.037595    
0       89          1             4911          126           0.004563      1.269000      500.000000    499.034597    
13      0           0             0             0             0.000000      0.000000      500.000000    499.031330    
14      0           0             0             0             0.000000      0.000000      500.000000    499.034822    
15      0           0             0             0             0.000000      0.000000      500.000000    499.038402    
16      0           0             0             0             0.000000      0.000000      500.000000    499.039318    
17      0           0             0             0             0.000000      0.000000      500.000000    499.033479    
18      0           0             0             0             0.000000      0.000000      500.000000    499.031097    
19      0           0             0             0             0.000000      0.000000      500.000000    499.027292    
20      0           0             0             0             0.000000      0.000000      500.000000    499.035447    
21      0           0             0             0             0.000000      0.000000      500.000000    499.034254    
22      0           0             0             0             0.000000      0.000000      500.000000    499.032519    
23      0           0             0             0             0.000000      0.000000      500.000000    499.031337    
24      0           0             0             0             0.000000      0.000000      500.000000    499.034904    
25      0           0             0             0             0.000000      0.000000      500.000000    499.038268    
26      0           0             0             0             0.000000      0.000000      500.000000    499.038350    
27      0           0             0             0             0.000000      0.000000      500.000000    499.034276    
28      0           0             0             0             0.000000      0.000000      500.000000    499.031076    

--- Global ---
Total packets sent: 94
Total packets recv: 93
Packet Delivery Ratio (PDR): 0.9894
Throughput (recv, bits/s): 719.87
Avg end-to-end delay (s): 0.035270
Total crypto CPU time (ms): 2.562000
Total initial energy (J): 20000.000000
Total final energy (J): 19961.339450
Total energy consumed (J): 38.660550

--- Crypto Ops (per-node) ---
Node 1:
  AEAD_DECRYPT_DATA -> count=88 total_ms=0.231000
  AEAD_DECRYPT_GROUP -> count=1 total_ms=0.006000
  AUTH_ACK_VERIFY -> count=1 total_ms=0.219000
  AUTH_GEN -> count=1 total_ms=0.190000
Node 39:
  AEAD_ENCRYPT_GROUP_A -> count=1 total_ms=0.004000
  AEAD_ENCRYPT_GROUP_B -> count=1 total_ms=0.003000
  AUTH_VERIFY -> count=2 total_ms=0.640000
Node 0:
  AEAD_ENCRYPT_DATA -> count=88 total_ms=0.804000
  AUTH_ACK_VERIFY -> count=1 total_ms=0.251000
  AUTH_GEN -> count=1 total_ms=0.214000
======================

