
=== Metrics Summary ===
Simulation time: 60 s
Node    PktsSent    PktsRecv      BytesSent     BytesRecv     AvgDelay(s) Crypto(ms)    InitE(J)      FinalE(J)     
99      1           1             118           160           0.0000      0.1800        500.0000      498.9869      
98      0           0             0             0             0.0000      0.0000        500.0000      498.9865      
97      0           0             0             0             0.0000      0.0000        500.0000      498.9856      
96      0           0             0             0             0.0000      0.0000        500.0000      498.9870      
95      0           0             0             0             0.0000      0.0000        500.0000      498.9887      
94      0           0             0             0             0.0000      0.0000        500.0000      498.9925      
93      0           0             0             0             0.0000      0.0000        500.0000      498.9971      
92      0           0             0             0             0.0000      0.0000        500.0000      499.0060      
91      0           0             0             0             0.0000      0.0000        500.0000      499.0060      
90      0           0             0             0             0.0000      0.0000        500.0000      499.0034      
89      0           0             0             0             0.0000      0.0000        500.0000      498.9901      
88      0           0             0             0             0.0000      0.0000        500.0000      498.9912      
87      0           0             0             0             0.0000      0.0000        500.0000      498.9898      
86      0           0             0             0             0.0000      0.0000        500.0000      498.9927      
85      0           0             0             0             0.0000      0.0000        500.0000      498.9938      
84      0           0             0             0             0.0000      0.0000        500.0000      498.9994      
83      0           0             0             0             0.0000      0.0000        500.0000      499.0037      
82      0           0             0             0             0.0000      0.0000        500.0000      499.0051      
81      0           0             0             0             0.0000      0.0000        500.0000      499.0090      
80      0           0             0             0             0.0000      0.0000        500.0000      499.0066      
79      0           0             0             0             0.0000      0.0000        500.0000      498.9958      
78      0           0             0             0             0.0000      0.0000        500.0000      498.9988      
77      0           0             0             0             0.0000      0.0000        500.0000      498.9988      
76      0           0             0             0             0.0000      0.0000        500.0000      499.0006      
75      0           0             0             0             0.0000      0.0000        500.0000      498.9999      
74      0           0             0             0             0.0000      0.0000        500.0000      499.0001      
73      0           0             0             0             0.0000      0.0000        500.0000      499.0022      
72      0           0             0             0             0.0000      0.0000        500.0000      499.0055      
71      0           0             0             0             0.0000      0.0000        500.0000      499.0055      
70      0           0             0             0             0.0000      0.0000        500.0000      499.0056      
69      0           0             0             0             0.0000      0.0000        500.0000      499.0020      
68      0           0             0             0             0.0000      0.0000        500.0000      499.0056      
67      0           0             0             0             0.0000      0.0000        500.0000      498.9999      
66      0           0             0             0             0.0000      0.0000        500.0000      499.0006      
65      0           0             0             0             0.0000      0.0000        500.0000      498.9985      
64      0           0             0             0             0.0000      0.0000        500.0000      499.0012      
63      0           0             0             0             0.0000      0.0000        500.0000      498.9997      
62      0           0             0             0             0.0000      0.0000        500.0000      499.0023      
61      0           0             0             0             0.0000      0.0000        500.0000      499.0035      
60      0           0             0             0             0.0000      0.0000        500.0000      499.0038      
59      0           0             0             0             0.0000      0.0000        500.0000      499.0020      
28      0           0             0             0             0.0000      0.0000        500.0000      499.0016      
27      0           0             0             0             0.0000      0.0000        500.0000      498.9963      
26      0           0             0             0             0.0000      0.0000        500.0000      498.9940      
25      0           0             0             0             0.0000      0.0000        500.0000      498.9933      
24      0           0             0             0             0.0000      0.0000        500.0000      498.9940      
23      0           0             0             0             0.0000      0.0000        500.0000      498.9947      
22      0           0             0             0             0.0000      0.0000        500.0000      498.9977      
21      0           0             0             0             0.0000      0.0000        500.0000      499.0006      
20      0           0             0             0             0.0000      0.0000        500.0000      498.9995      
19      0           0             0             0             0.0000      0.0000        500.0000      498.9999      
18      0           0             0             0             0.0000      0.0000        500.0000      498.9994      
17      0           0             0             0             0.0000      0.0000        500.0000      498.9974      
16      0           0             0             0             0.0000      0.0000        500.0000      498.9963      
15      0           0             0             0             0.0000      0.0000        500.0000      498.9959      
14      0           0             0             0             0.0000      0.0000        500.0000      498.9965      
13      0           0             0             0             0.0000      0.0000        500.0000      498.9973      
0       1           0             160           0             0.0000      0.2020        500.0000      498.9968      
1       1           0             160           0             0.0000      0.2710        500.0000      499.0007      
2       0           0             0             0             0.0000      0.0000        500.0000      498.9949      
3       0           0             0             0             0.0000      0.0000        500.0000      498.9967      
4       0           0             0             0             0.0000      0.0000        500.0000      498.9959      
5       0           0             0             0             0.0000      0.0000        500.0000      498.9961      
6       0           0             0             0             0.0000      0.0000        500.0000      498.9971      
7       0           0             0             0             0.0000      0.0000        500.0000      498.9978      
8       0           0             0             0             0.0000      0.0000        500.0000      498.9985      
9       0           0             0             0             0.0000      0.0000        500.0000      498.9970      
10      0           0             0             0             0.0000      0.0000        500.0000      498.9962      
11      0           0             0             0             0.0000      0.0000        500.0000      498.9988      
12      0           0             0             0             0.0000      0.0000        500.0000      498.9992      
29      0           0             0             0             0.0000      0.0000        500.0000      499.0022      
30      0           0             0             0             0.0000      0.0000        500.0000      498.9988      
31      0           0             0             0             0.0000      0.0000        500.0000      498.9989      
32      0           0             0             0             0.0000      0.0000        500.0000      498.9961      
33      0           0             0             0             0.0000      0.0000        500.0000      498.9930      
34      0           0             0             0             0.0000      0.0000        500.0000      498.9911      
35      0           0             0             0             0.0000      0.0000        500.0000      498.9913      
36      0           0             0             0             0.0000      0.0000        500.0000      498.9940      
37      0           0             0             0             0.0000      0.0000        500.0000      498.9952      
38      0           0             0             0             0.0000      0.0000        500.0000      498.9999      
39      0           0             0             0             0.0000      0.0000        500.0000      499.0016      
40      0           0             0             0             0.0000      0.0000        500.0000      499.0004      
41      0           0             0             0             0.0000      0.0000        500.0000      498.9994      
42      0           0             0             0             0.0000      0.0000        500.0000      498.9957      
43      0           0             0             0             0.0000      0.0000        500.0000      498.9951      
44      0           0             0             0             0.0000      0.0000        500.0000      498.9934      
45      0           0             0             0             0.0000      0.0000        500.0000      498.9950      
46      0           0             0             0             0.0000      0.0000        500.0000      498.9971      
47      0           0             0             0             0.0000      0.0000        500.0000      498.9995      
48      0           0             0             0             0.0000      0.0000        500.0000      499.0031      
49      0           0             0             0             0.0000      0.0000        500.0000      499.0041      
50      0           0             0             0             0.0000      0.0000        500.0000      499.0006      
51      0           0             0             0             0.0000      0.0000        500.0000      498.9985      
52      0           0             0             0             0.0000      0.0000        500.0000      498.9979      
53      0           0             0             0             0.0000      0.0000        500.0000      498.9964      
54      0           0             0             0             0.0000      0.0000        500.0000      498.9963      
55      0           0             0             0             0.0000      0.0000        500.0000      498.9977      
56      0           0             0             0             0.0000      0.0000        500.0000      499.0014      
57      0           0             0             0             0.0000      0.0000        500.0000      499.0012      
58      0           0             0             0             0.0000      0.0000        500.0000      499.0040      

--- Global ---
Total packets sent: 3
Total packets recv: 1
Packet Delivery Ratio (PDR): 0.3333
Throughput (recv, bits/s): 21.33
Avg end-to-end delay (s): 0.00
Total crypto CPU time (ms): 0.65
Total initial energy (J): 50000.00
Total final energy (J): 49899.81
Total energy consumed (J): 100.19

--- Crypto Ops (per-node) ---
Node 99:
  AUTH_VERIFY -> count=1 total_ms=0.18
Node 1:
  AUTH_GEN -> count=1 total_ms=0.27
Node 0:
  AUTH_GEN -> count=1 total_ms=0.20
======================

