
=== Metrics Summary ===
Simulation time: 20 s
Node    PktsSent    PktsRecv      BytesSent     BytesRecv     AvgDelay(s) Crypto(ms)    InitE(J)      FinalE(J)     
49      4           2             356           320           0.0000      0.5930        0.0000        0.0000        
48      0           0             0             0             0.0000      0.0000        0.0000        0.0000        
47      0           0             0             0             0.0000      0.0000        0.0000        0.0000        
46      0           0             0             0             0.0000      0.0000        0.0000        0.0000        
45      0           0             0             0             0.0000      0.0000        0.0000        0.0000        
44      0           0             0             0             0.0000      0.0000        0.0000        0.0000        
43      0           0             0             0             0.0000      0.0000        0.0000        0.0000        
42      0           0             0             0             0.0000      0.0000        0.0000        0.0000        
41      0           0             0             0             0.0000      0.0000        0.0000        0.0000        
40      0           0             0             0             0.0000      0.0000        0.0000        0.0000        
39      0           0             0             0             0.0000      0.0000        0.0000        0.0000        
38      0           0             0             0             0.0000      0.0000        0.0000        0.0000        
37      0           0             0             0             0.0000      0.0000        0.0000        0.0000        
36      0           0             0             0             0.0000      0.0000        0.0000        0.0000        
35      0           0             0             0             0.0000      0.0000        0.0000        0.0000        
34      0           0             0             0             0.0000      0.0000        0.0000        0.0000        
33      0           0             0             0             0.0000      0.0000        0.0000        0.0000        
32      0           0             0             0             0.0000      0.0000        0.0000        0.0000        
31      0           0             0             0             0.0000      0.0000        0.0000        0.0000        
30      0           0             0             0             0.0000      0.0000        0.0000        0.0000        
29      0           0             0             0             0.0000      0.0000        0.0000        0.0000        
12      0           0             0             0             0.0000      0.0000        0.0000        0.0000        
11      0           0             0             0             0.0000      0.0000        0.0000        0.0000        
10      0           0             0             0             0.0000      0.0000        0.0000        0.0000        
9       0           0             0             0             0.0000      0.0000        0.0000        0.0000        
8       0           0             0             0             0.0000      0.0000        0.0000        0.0000        
7       0           0             0             0             0.0000      0.0000        0.0000        0.0000        
6       0           0             0             0             0.0000      0.0000        0.0000        0.0000        
5       0           0             0             0             0.0000      0.0000        0.0000        0.0000        
4       0           0             0             0             0.0000      0.0000        0.0000        0.0000        
3       0           0             0             0             0.0000      0.0000        0.0000        0.0000        
2       0           0             0             0             0.0000      0.0000        0.0000        0.0000        
1       1           6             160           390           0.0000      0.3380        0.0000        0.0000        
0       5           2             372           178           0.0000      0.3770        0.0000        0.0000        
13      0           0             0             0             0.0000      0.0000        0.0000        0.0000        
14      0           0             0             0             0.0000      0.0000        0.0000        0.0000        
15      0           0             0             0             0.0000      0.0000        0.0000        0.0000        
16      0           0             0             0             0.0000      0.0000        0.0000        0.0000        
17      0           0             0             0             0.0000      0.0000        0.0000        0.0000        
18      0           0             0             0             0.0000      0.0000        0.0000        0.0000        
19      0           0             0             0             0.0000      0.0000        0.0000        0.0000        
20      0           0             0             0             0.0000      0.0000        0.0000        0.0000        
21      0           0             0             0             0.0000      0.0000        0.0000        0.0000        
22      0           0             0             0             0.0000      0.0000        0.0000        0.0000        
23      0           0             0             0             0.0000      0.0000        0.0000        0.0000        
24      0           0             0             0             0.0000      0.0000        0.0000        0.0000        
25      0           0             0             0             0.0000      0.0000        0.0000        0.0000        
26      0           0             0             0             0.0000      0.0000        0.0000        0.0000        
27      0           0             0             0             0.0000      0.0000        0.0000        0.0000        
28      0           0             0             0             0.0000      0.0000        0.0000        0.0000        

--- Global ---
Total packets sent: 10
Total packets recv: 10
Packet Delivery Ratio (PDR): 1.0000
Throughput (recv, bits/s): 355.20
Avg end-to-end delay (s): 0.00
Total crypto CPU time (ms): 1.31
Total initial energy (J): 0.00
Total final energy (J): 0.00
Total energy consumed (J): 0.00

--- Crypto Ops (per-node) ---
Node 49:
  AEAD_ENCRYPT_GROUP_A -> count=1 total_ms=0.00
  AEAD_ENCRYPT_GROUP_B -> count=1 total_ms=0.00
  AUTH_VERIFY -> count=2 total_ms=0.59
Node 1:
  AEAD_DECRYPT_DATA -> count=4 total_ms=0.01
  AEAD_DECRYPT_GROUP -> count=1 total_ms=0.00
  AUTH_ACK_VERIFY -> count=1 total_ms=0.20
  AUTH_GEN -> count=1 total_ms=0.13
Node 0:
  AEAD_DECRYPT_GROUP -> count=1 total_ms=0.00
  AEAD_ENCRYPT_DATA -> count=4 total_ms=0.04
  AUTH_ACK_VERIFY -> count=1 total_ms=0.18
  AUTH_GEN -> count=1 total_ms=0.15
======================

