
=== Metrics Summary ===
Simulation time: 60 s
Node    PktsSent    PktsRecv      BytesSent     BytesRecv     AvgDelay(s) Crypto(ms)    InitE(J)      FinalE(J)     
49      4           2             356           320           0.0000      0.4200        500.0000      499.0153      
48      0           0             0             0             0.0000      0.0000        500.0000      499.0124      
47      0           0             0             0             0.0000      0.0000        500.0000      499.0118      
46      0           0             0             0             0.0000      0.0000        500.0000      499.0114      
45      0           0             0             0             0.0000      0.0000        500.0000      499.0145      
44      0           0             0             0             0.0000      0.0000        500.0000      499.0147      
43      0           0             0             0             0.0000      0.0000        500.0000      499.0125      
42      0           0             0             0             0.0000      0.0000        500.0000      499.0141      
41      0           0             0             0             0.0000      0.0000        500.0000      499.0111      
40      0           0             0             0             0.0000      0.0000        500.0000      499.0059      
39      0           0             0             0             0.0000      0.0000        500.0000      499.0126      
38      0           0             0             0             0.0000      0.0000        500.0000      499.0130      
37      0           0             0             0             0.0000      0.0000        500.0000      499.0117      
36      0           0             0             0             0.0000      0.0000        500.0000      499.0117      
35      0           0             0             0             0.0000      0.0000        500.0000      499.0142      
34      0           0             0             0             0.0000      0.0000        500.0000      499.0173      
33      0           0             0             0             0.0000      0.0000        500.0000      499.0180      
32      0           0             0             0             0.0000      0.0000        500.0000      499.0145      
31      0           0             0             0             0.0000      0.0000        500.0000      499.0114      
30      0           0             0             0             0.0000      0.0000        500.0000      499.0075      
29      0           0             0             0             0.0000      0.0000        500.0000      499.0127      
12      0           0             0             0             0.0000      0.0000        500.0000      499.0127      
11      0           0             0             0             0.0000      0.0000        500.0000      499.0091      
10      0           0             0             0             0.0000      0.0000        500.0000      499.0044      
9       0           0             0             0             0.0000      0.0000        500.0000      499.0113      
8       0           0             0             0             0.0000      0.0000        500.0000      499.0134      
7       0           0             0             0             0.0000      0.0000        500.0000      499.0145      
6       0           0             0             0             0.0000      0.0000        500.0000      499.0135      
5       0           0             0             0             0.0000      0.0000        500.0000      499.0147      
4       0           0             0             0             0.0000      0.0000        500.0000      499.0153      
3       0           0             0             0             0.0000      0.0000        500.0000      499.0161      
2       0           0             0             0             0.0000      0.0000        500.0000      499.0117      
1       1           502           160           27570         0.0000      1.7450        500.0000      499.0105      
0       501         2             27552         178           0.0000      5.2870        500.0000      499.0088      
13      0           0             0             0             0.0000      0.0000        500.0000      499.0160      
14      0           0             0             0             0.0000      0.0000        500.0000      499.0166      
15      0           0             0             0             0.0000      0.0000        500.0000      499.0145      
16      0           0             0             0             0.0000      0.0000        500.0000      499.0119      
17      0           0             0             0             0.0000      0.0000        500.0000      499.0121      
18      0           0             0             0             0.0000      0.0000        500.0000      499.0134      
19      0           0             0             0             0.0000      0.0000        500.0000      499.0136      
20      0           0             0             0             0.0000      0.0000        500.0000      499.0048      
21      0           0             0             0             0.0000      0.0000        500.0000      499.0078      
22      0           0             0             0             0.0000      0.0000        500.0000      499.0118      
23      0           0             0             0             0.0000      0.0000        500.0000      499.0167      
24      0           0             0             0             0.0000      0.0000        500.0000      499.0149      
25      0           0             0             0             0.0000      0.0000        500.0000      499.0127      
26      0           0             0             0             0.0000      0.0000        500.0000      499.0091      
27      0           0             0             0             0.0000      0.0000        500.0000      499.0100      
28      0           0             0             0             0.0000      0.0000        500.0000      499.0113      

--- Global ---
Total packets sent: 506
Total packets recv: 506
Packet Delivery Ratio (PDR): 1.0000
Throughput (recv, bits/s): 3742.40
Avg end-to-end delay (s): 0.00
Total crypto CPU time (ms): 7.45
Total initial energy (J): 25000.00
Total final energy (J): 24950.62
Total energy consumed (J): 49.38

--- Crypto Ops (per-node) ---
Node 49:
  AEAD_ENCRYPT_GROUP_A -> count=1 total_ms=0.00
  AEAD_ENCRYPT_GROUP_B -> count=1 total_ms=0.00
  AUTH_VERIFY -> count=2 total_ms=0.41
Node 1:
  AEAD_DECRYPT_DATA -> count=500 total_ms=1.40
  AEAD_DECRYPT_GROUP -> count=1 total_ms=0.00
  AUTH_ACK_VERIFY -> count=1 total_ms=0.20
  AUTH_GEN -> count=1 total_ms=0.15
Node 0:
  AEAD_DECRYPT_GROUP -> count=1 total_ms=0.00
  AEAD_ENCRYPT_DATA -> count=500 total_ms=4.85
  AUTH_ACK_VERIFY -> count=1 total_ms=0.24
  AUTH_GEN -> count=1 total_ms=0.20
======================

