
=== Metrics Summary ===
Simulation time: 1000 s
Node    PktsSent    PktsRecv      BytesSent     BytesRecv     AvgDelay(s)   Crypto(ms)    InitE(J)      FinalE(J)     
69      4           2             388           336           0.006692      0.594000      500.000000    489.876561    
68      0           0             0             0             0.000000      0.000000      500.000000    489.903022    
67      0           0             0             0             0.000000      0.000000      500.000000    489.906142    
66      0           0             0             0             0.000000      0.000000      500.000000    489.904636    
65      0           0             0             0             0.000000      0.000000      500.000000    489.891023    
64      0           0             0             0             0.000000      0.000000      500.000000    489.877639    
63      0           0             0             0             0.000000      0.000000      500.000000    489.905452    
62      0           0             0             0             0.000000      0.000000      500.000000    489.916666    
61      0           0             0             0             0.000000      0.000000      500.000000    489.908659    
60      0           0             0             0             0.000000      0.000000      500.000000    489.895659    
59      0           0             0             0             0.000000      0.000000      500.000000    489.911224    
28      0           0             0             0             0.000000      0.000000      500.000000    489.967519    
27      0           0             0             0             0.000000      0.000000      500.000000    489.978642    
26      0           0             0             0             0.000000      0.000000      500.000000    489.925480    
25      0           0             0             0             0.000000      0.000000      500.000000    489.863226    
24      0           0             0             0             0.000000      0.000000      500.000000    489.869175    
23      0           0             0             0             0.000000      0.000000      500.000000    489.902723    
22      0           0             0             0             0.000000      0.000000      500.000000    489.932743    
21      0           0             0             0             0.000000      0.000000      500.000000    489.963368    
20      0           0             0             0             0.000000      0.000000      500.000000    489.958011    
19      0           0             0             0             0.000000      0.000000      500.000000    489.925775    
18      0           0             0             0             0.000000      0.000000      500.000000    489.945918    
17      0           0             0             0             0.000000      0.000000      500.000000    489.962991    
16      0           0             0             0             0.000000      0.000000      500.000000    489.907735    
15      0           0             0             0             0.000000      0.000000      500.000000    489.872359    
14      0           0             0             0             0.000000      0.000000      500.000000    489.902434    
13      0           0             0             0             0.000000      0.000000      500.000000    489.945209    
0       513         2             28220         194           0.000280      5.911000      500.000000    489.885053    
1       1           514           168           28246         0.000072      2.245000      500.000000    489.882585    
2       0           0             0             0             0.000000      0.000000      500.000000    489.907170    
3       0           0             0             0             0.000000      0.000000      500.000000    489.911419    
4       0           0             0             0             0.000000      0.000000      500.000000    489.892851    
5       0           0             0             0             0.000000      0.000000      500.000000    489.880095    
6       0           0             0             0             0.000000      0.000000      500.000000    489.875759    
7       0           0             0             0             0.000000      0.000000      500.000000    489.909511    
8       0           0             0             0             0.000000      0.000000      500.000000    489.934990    
9       0           0             0             0             0.000000      0.000000      500.000000    489.897065    
10      0           0             0             0             0.000000      0.000000      500.000000    489.919767    
11      0           0             0             0             0.000000      0.000000      500.000000    489.949283    
12      0           0             0             0             0.000000      0.000000      500.000000    489.921062    
29      0           0             0             0             0.000000      0.000000      500.000000    489.943151    
30      0           0             0             0             0.000000      0.000000      500.000000    489.962583    
31      0           0             0             0             0.000000      0.000000      500.000000    489.977363    
32      0           0             0             0             0.000000      0.000000      500.000000    489.964158    
33      0           0             0             0             0.000000      0.000000      500.000000    489.888342    
34      0           0             0             0             0.000000      0.000000      500.000000    489.868800    
35      0           0             0             0             0.000000      0.000000      500.000000    489.848181    
36      0           0             0             0             0.000000      0.000000      500.000000    489.915954    
37      0           0             0             0             0.000000      0.000000      500.000000    489.940198    
38      0           0             0             0             0.000000      0.000000      500.000000    489.951595    
39      0           0             0             0             0.000000      0.000000      500.000000    489.917585    
40      0           0             0             0             0.000000      0.000000      500.000000    489.957349    
41      0           0             0             0             0.000000      0.000000      500.000000    489.969822    
42      0           0             0             0             0.000000      0.000000      500.000000    489.975757    
43      0           0             0             0             0.000000      0.000000      500.000000    489.910064    
44      0           0             0             0             0.000000      0.000000      500.000000    489.869323    
45      0           0             0             0             0.000000      0.000000      500.000000    489.874143    
46      0           0             0             0             0.000000      0.000000      500.000000    489.919739    
47      0           0             0             0             0.000000      0.000000      500.000000    489.946623    
48      0           0             0             0             0.000000      0.000000      500.000000    489.947026    
49      0           0             0             0             0.000000      0.000000      500.000000    489.935705    
50      0           0             0             0             0.000000      0.000000      500.000000    489.937066    
51      0           0             0             0             0.000000      0.000000      500.000000    489.937942    
52      0           0             0             0             0.000000      0.000000      500.000000    489.968767    
53      0           0             0             0             0.000000      0.000000      500.000000    489.925116    
54      0           0             0             0             0.000000      0.000000      500.000000    489.884568    
55      0           0             0             0             0.000000      0.000000      500.000000    489.916769    
56      0           0             0             0             0.000000      0.000000      500.000000    489.942321    
57      0           0             0             0             0.000000      0.000000      500.000000    489.933267    
58      0           0             0             0             0.000000      0.000000      500.000000    489.927897    

--- Global ---
Total packets sent: 518
Total packets recv: 518
Packet Delivery Ratio (PDR): 1.0000
Throughput (recv, bits/s): 230.21
Avg end-to-end delay (s): 0.000098
Total crypto CPU time (ms): 8.750000
Total initial energy (J): 35000.000000
Total final energy (J): 34294.343777
Total energy consumed (J): 705.656223

--- Crypto Ops (per-node) ---
Node 69:
  AEAD_ENCRYPT_GROUP_A -> count=1 total_ms=0.004000
  AEAD_ENCRYPT_GROUP_B -> count=1 total_ms=0.003000
  AUTH_VERIFY -> count=2 total_ms=0.587000
Node 1:
  AEAD_DECRYPT_DATA -> count=512 total_ms=1.761000
  AEAD_DECRYPT_GROUP -> count=1 total_ms=0.002000
  AUTH_ACK_VERIFY -> count=1 total_ms=0.251000
  AUTH_GEN -> count=1 total_ms=0.231000
Node 0:
  AEAD_DECRYPT_GROUP -> count=1 total_ms=0.002000
  AEAD_ENCRYPT_DATA -> count=512 total_ms=5.404000
  AUTH_ACK_VERIFY -> count=1 total_ms=0.318000
  AUTH_GEN -> count=1 total_ms=0.187000
======================

