
=== Metrics Summary ===
Simulation time: 60 s
Node    PktsSent    PktsRecv      BytesSent     BytesRecv     AvgDelay(s)   Crypto(ms)    InitE(J)      FinalE(J)     
99      1           1             126           168           0.266324      0.302000      500.000000    498.986894    
98      0           0             0             0             0.000000      0.000000      500.000000    498.986512    
97      0           0             0             0             0.000000      0.000000      500.000000    498.985550    
96      0           0             0             0             0.000000      0.000000      500.000000    498.987026    
95      0           0             0             0             0.000000      0.000000      500.000000    498.988720    
94      0           0             0             0             0.000000      0.000000      500.000000    498.992443    
93      0           0             0             0             0.000000      0.000000      500.000000    498.996893    
92      0           0             0             0             0.000000      0.000000      500.000000    499.005818    
91      0           0             0             0             0.000000      0.000000      500.000000    499.005795    
90      0           0             0             0             0.000000      0.000000      500.000000    499.003238    
89      0           0             0             0             0.000000      0.000000      500.000000    498.990074    
88      0           0             0             0             0.000000      0.000000      500.000000    498.991128    
87      0           0             0             0             0.000000      0.000000      500.000000    498.989779    
86      0           0             0             0             0.000000      0.000000      500.000000    498.992604    
85      0           0             0             0             0.000000      0.000000      500.000000    498.993713    
84      0           0             0             0             0.000000      0.000000      500.000000    498.999326    
83      0           0             0             0             0.000000      0.000000      500.000000    499.003512    
82      0           0             0             0             0.000000      0.000000      500.000000    499.005029    
81      0           0             0             0             0.000000      0.000000      500.000000    499.008952    
80      0           0             0             0             0.000000      0.000000      500.000000    499.006524    
79      0           0             0             0             0.000000      0.000000      500.000000    498.995865    
78      0           0             0             0             0.000000      0.000000      500.000000    498.998783    
77      0           0             0             0             0.000000      0.000000      500.000000    498.998788    
76      0           0             0             0             0.000000      0.000000      500.000000    499.000535    
75      0           0             0             0             0.000000      0.000000      500.000000    498.999678    
74      0           0             0             0             0.000000      0.000000      500.000000    499.000009    
73      0           0             0             0             0.000000      0.000000      500.000000    499.002114    
72      0           0             0             0             0.000000      0.000000      500.000000    499.005339    
71      0           0             0             0             0.000000      0.000000      500.000000    499.005395    
70      0           0             0             0             0.000000      0.000000      500.000000    499.005523    
69      0           0             0             0             0.000000      0.000000      500.000000    499.002020    
68      0           0             0             0             0.000000      0.000000      500.000000    499.005534    
67      0           0             0             0             0.000000      0.000000      500.000000    498.999869    
66      0           0             0             0             0.000000      0.000000      500.000000    499.000470    
65      0           0             0             0             0.000000      0.000000      500.000000    498.998282    
64      0           0             0             0             0.000000      0.000000      500.000000    499.001045    
63      0           0             0             0             0.000000      0.000000      500.000000    498.999665    
62      0           0             0             0             0.000000      0.000000      500.000000    499.002331    
61      0           0             0             0             0.000000      0.000000      500.000000    499.003509    
60      0           0             0             0             0.000000      0.000000      500.000000    499.003847    
59      0           0             0             0             0.000000      0.000000      500.000000    499.002026    
28      0           0             0             0             0.000000      0.000000      500.000000    499.001427    
27      0           0             0             0             0.000000      0.000000      500.000000    498.996195    
26      0           0             0             0             0.000000      0.000000      500.000000    498.993958    
25      0           0             0             0             0.000000      0.000000      500.000000    498.993325    
24      0           0             0             0             0.000000      0.000000      500.000000    498.993878    
23      0           0             0             0             0.000000      0.000000      500.000000    498.994665    
22      0           0             0             0             0.000000      0.000000      500.000000    498.997699    
21      0           0             0             0             0.000000      0.000000      500.000000    499.000527    
20      0           0             0             0             0.000000      0.000000      500.000000    498.999416    
19      0           0             0             0             0.000000      0.000000      500.000000    498.999770    
18      0           0             0             0             0.000000      0.000000      500.000000    498.999280    
17      0           0             0             0             0.000000      0.000000      500.000000    498.997467    
16      0           0             0             0             0.000000      0.000000      500.000000    498.996216    
15      0           0             0             0             0.000000      0.000000      500.000000    498.995599    
14      0           0             0             0             0.000000      0.000000      500.000000    498.996310    
13      0           0             0             0             0.000000      0.000000      500.000000    498.997310    
0       1           0             168           0             0.000000      0.236000      500.000000    498.996724    
1       1           0             168           0             0.000000      0.161000      500.000000    499.000592    
2       0           0             0             0             0.000000      0.000000      500.000000    498.994773    
3       0           0             0             0             0.000000      0.000000      500.000000    498.996522    
4       0           0             0             0             0.000000      0.000000      500.000000    498.995897    
5       0           0             0             0             0.000000      0.000000      500.000000    498.995894    
6       0           0             0             0             0.000000      0.000000      500.000000    498.996936    
7       0           0             0             0             0.000000      0.000000      500.000000    498.997842    
8       0           0             0             0             0.000000      0.000000      500.000000    498.998439    
9       0           0             0             0             0.000000      0.000000      500.000000    498.996779    
10      0           0             0             0             0.000000      0.000000      500.000000    498.995968    
11      0           0             0             0             0.000000      0.000000      500.000000    498.998585    
12      0           0             0             0             0.000000      0.000000      500.000000    498.999035    
29      0           0             0             0             0.000000      0.000000      500.000000    499.002120    
30      0           0             0             0             0.000000      0.000000      500.000000    498.998884    
31      0           0             0             0             0.000000      0.000000      500.000000    498.998871    
32      0           0             0             0             0.000000      0.000000      500.000000    498.996101    
33      0           0             0             0             0.000000      0.000000      500.000000    498.992877    
34      0           0             0             0             0.000000      0.000000      500.000000    498.991174    
35      0           0             0             0             0.000000      0.000000      500.000000    498.991304    
36      0           0             0             0             0.000000      0.000000      500.000000    498.993819    
37      0           0             0             0             0.000000      0.000000      500.000000    498.995043    
38      0           0             0             0             0.000000      0.000000      500.000000    498.999921    
39      0           0             0             0             0.000000      0.000000      500.000000    499.001433    
40      0           0             0             0             0.000000      0.000000      500.000000    499.000384    
41      0           0             0             0             0.000000      0.000000      500.000000    498.999426    
42      0           0             0             0             0.000000      0.000000      500.000000    498.995704    
43      0           0             0             0             0.000000      0.000000      500.000000    498.995056    
44      0           0             0             0             0.000000      0.000000      500.000000    498.993466    
45      0           0             0             0             0.000000      0.000000      500.000000    498.994865    
46      0           0             0             0             0.000000      0.000000      500.000000    498.996876    
47      0           0             0             0             0.000000      0.000000      500.000000    498.999472    
48      0           0             0             0             0.000000      0.000000      500.000000    499.003003    
49      0           0             0             0             0.000000      0.000000      500.000000    499.003945    
50      0           0             0             0             0.000000      0.000000      500.000000    499.000484    
51      0           0             0             0             0.000000      0.000000      500.000000    498.998256    
52      0           0             0             0             0.000000      0.000000      500.000000    498.998008    
53      0           0             0             0             0.000000      0.000000      500.000000    498.996433    
54      0           0             0             0             0.000000      0.000000      500.000000    498.996192    
55      0           0             0             0             0.000000      0.000000      500.000000    498.997636    
56      0           0             0             0             0.000000      0.000000      500.000000    499.001243    
57      0           0             0             0             0.000000      0.000000      500.000000    499.001124    
58      0           0             0             0             0.000000      0.000000      500.000000    499.004018    

--- Global ---
Total packets sent: 3
Total packets recv: 1
Packet Delivery Ratio (PDR): 0.3333
Throughput (recv, bits/s): 22.40
Avg end-to-end delay (s): 0.266324
Total crypto CPU time (ms): 0.699000
Total initial energy (J): 50000.000000
Total final energy (J): 49899.804326
Total energy consumed (J): 100.195674

--- Crypto Ops (per-node) ---
Node 99:
  AUTH_VERIFY -> count=1 total_ms=0.302000
Node 1:
  AUTH_GEN -> count=1 total_ms=0.161000
Node 0:
  AUTH_GEN -> count=1 total_ms=0.236000
======================

